# lewo, blisko
w 0 -5.0 -1.0 5.0
w 1 -3.0 -1.0 5.0
w 2 -3.0  1.0 5.0
w 3 -5.0  1.0 5.0
w 4 -5.0 -1.0 9.0
w 5 -3.0 -1.0 9.0
w 6 -3.0  1.0 9.0
w 7 -5.0  1.0 9.0
k 0 1 2 3
k 4 5 6 7
k 0 1 5 4
k 1 2 6 5
k 2 3 7 6
k 3 0 4 7

# prawo, blisko
w 8  3.0 -1.0 5.0
w 9  5.0 -1.0 5.0
w 10 5.0  1.0 5.0
w 11 3.0  1.0 5.0
w 12 3.0 -1.0 7.0
w 13 5.0 -1.0 7.0
w 14 5.0  1.0 7.0
w 15 3.0  1.0 7.0
k 8 9 10 11
k 12 13 14 15
k 8 9 13 12
k 9 10 14 13
k 10 11 15 14
k 11 8 12 15

# lewo, dalej
w 16 -5.0 -1.0 11.0
w 17 -3.0 -1.0 11.0
w 18 -3.0  3.0 11.0
w 19 -5.0  3.0 11.0
w 20 -5.0 -1.0 13.0
w 21 -3.0 -1.0 13.0
w 22 -3.0  3.0 13.0
w 23 -5.0  3.0 13.0
k 16 17 18 19
k 20 21 22 23
k 16 17 21 20
k 17 18 22 21
k 18 19 23 22
k 19 16 20 23

# prawo, dalej 
w 24  3.0 -1.0 9.0
w 25  6.0 -1.0 9.0
w 26  6.0  1.5 9.0
w 27  3.0  1.5 9.0
w 28  3.0 -1.0 12.5
w 29  6.0 -1.0 12.5
w 30  6.0  1.5 12.5
w 31  3.0  1.5 12.5
k 24 25 26 27
k 28 29 30 31
k 24 25 29 28
k 25 26 30 29
k 26 27 31 30
k 27 24 28 31

